682
684
685
112
7827
3889
7171
1345
15
4811
4784
1932
4199
2733
878
975
306
307
4342
7956
8063
456
8645
3151
976
6825
2605
6657
348
1888
1887
5475
1296
700
5472
6293
3960
819
355
9728
3229
155
1220
1008
4560
3792
8994
811
810
1948
2618
594
2616
934
1452
2688
108
8384
2262
4126
333
2295
297
964
69
655
2599
4307
5252
1959
3515
1961
1962
263
1925
9530
2550
831
9565
1801
972
5868
477
200
1817
3031
2360
126
89
606
2484
2614
3032
7075
3581
7601
8287
8932
512
544
545
2997
7545
1270
2601
4447
677
273
7646
943
1184
992
9343
1224
266
1188
7364
6780
3226
3780
1273
5409
1183
339
1411
427
2916
231
2506
100
8657
1484
1951
7812
565
566
567
2187
1599
380
2762
7346
2918
4974
379
3562
1902
187
6042
2133
1964
1669
8100
6808
9433
5637
6922
4595
699
1935
3844
463
908
8434
9575
6802
275
8637
1063
4697
172
1361
8740
894
7092
1386
5177
5176
5175
514
3080
5171
5170
510
6646
642
2928
449
448
644
2479
941
8899
946
2966
25
26
1238
2205
2405
5435
7581
208
3435
5359
8552
2408
1333
2442
2613
3683
86
8859
276
5162
3815
8298
1588
1365
239
9786
5606
6157
990
8087
4647
4689
8967
2268
5602
2866
3299
3363
1114
9141
2071
6683
1128
489
1526
5058
873
8381
826
952
1084
2240
2995
329
4485
1027
5934
5296
1854
1853
3554
930
9622
2683
8237
2871
5533
377
7751
122
230
1069
3962
4224
4306
8044
5537
5784
7022
1545
3535
8257
7874
4806
2374
3861
3863
3129
5115
1199
1752
583
2094
72
1016
2659
5610
8640
6084
4352
3319
407
3768
1552
7406
6215
9641
7135
278
3250
372
4337
7857
584
8076
9900
3999
111
102
2398
1394
4441
327
47
2415
629
8404
5332
3656
3955
577
3127
121
772
3115
9893
3386
468
5189
1133
1313
1724
780
4412
8341
4016
2715
2823
8541
2673
8262
7575
8193
714
473
1692
7267
867
3681
7332
1080
375
5587
8829
2924
2461
5212
657
1460
3646
2633
5104
798
2676
3604
1295
9096
4317
1104
1406
6255
6620
903
901
900
97
3397
7071
4624
989
2788
6384
912
1055
1765
444
9962
7366
369
7033
1428
1473
1013
1459
2469
75
2810
454
4685
832
123
6771
2519
9510
1117
4736
38
1129
6677
3416
9733
6858
9672
399
7
630
6632
622
4158
4410
1873
9127
488
2401
2068
5262
7973
3578
2189
5598
2270
150
201
425
2921
10177
1522
4947
3858
4964
3138
4641
9005
370
4853
3070
1686
5679
234
223
80
1593
6521
3985
1176
174
2045
620
5998
1159
303
1022
628
601
2253
5134
7596
9734
9025
1033
3514
693
762
7187
3921
1569
1113
2802
961
796
3024
4962
2608
7726
1250
1234
1255
1233
412
4274
1160
4614
2579
1149
508
705
140
3542
1236
4831
9445
3022
613
5040
2220
1187
1424
2580
7778
2258
2139
1317
2418
3211
431
1352
4325
2296
137
706
670
237
7192
3647
1469
2758
6264
6346
4820
2036
184
6053
2178
1979
1139
1642
543
1382
2545
4609
2103
9048
2998
8329
4684
7574
5190
582
2905
3298
6759
939
202
8979
9735
224
2272
694
2290
2034
824
3204
232
1508
1876
5581
9217
4738
2072
4202
9583
3592
3591
2085
955
7182
408
874
2893
2596
1533
482
775
1911
4327
1486
5856
1412
5098
2246
2917
4829
862
4050
1320
1677
8021
4681
3784
371
68
9039
1190
366
1203
365
6330
754
1283
1501
2305
616
1912
509
4266
106
8812
285
2771
8808
3891
5613
2101
3338
3564
2657
1086
2751
4743
1307
993
973
6004
19
3776
532
3368
3367
8340
6364
1700
4553
1475
716
78
5727
1731
3707
619
3236
3699
316
917
1755
3557
691
274
4953
1841
3749
3752
3753
3754
3755
24
3759
3760
735
1402
483
3765
3766
3767
866
1499
2677
4072
144
914
7413
7422
7010
6079
4926
649
1414
8252
4835
1514
6423
3729
3748
1696
3058
310
3300
338
2473
2474
2622
1894
7006
5705
222
9476
1019
3183
2350
602
788
3134
2503
5028
2977
2801
4630
3583
2956
3838
3703
277
322
6145
905
3130
4521
9773
2219
4100
4101
2756
4103
4105
4106
160
3481
2392
4114
1648
2338
4116
4085
485
1749
2117
1728
668
2431
3488
2327
4206
8532
2147
7602
4880
2087
3073
880
1057
226
1597
1334
2042
2041
4117
687
4119
4120
4121
4122
272
3327
4125
4127
4128
4129
4130
2239
4133
4134
4135
3047
4139
4142
5828
2729
4144
1546
1242
3574
4501
3926
1816
5508
4722
1115
679
7644
1396
755
756
1859
2544
206
9618
1910
7999
7891
7890
2163
6953
11
680
3467
386
1015
385
2406
179
4001
2535
3783
3384
2399
3946
758
1039
6993
2339
970
1550
6827
2568
34
176
2316
1422
166
1355
4694
4331
4480
5505
3140
3139
2289
1729
4277
9247
350
321
7060
3468
113
2777
909
3040
6365
1136
1981
9558
1793
7420
6939
2171
2548
6177
1421
4841
5370
0
6241
9579
1915
2158
6455
1976
5186
968
9421
1734
3731
928
5560
4446
2899
1381
8652
856
533
1578
4617
6616
6422
2265
2079
5034
522
523
8201
374
3933
609
6885
9931
5101
3558
261
8060
8255
4242
182
2448
8243
2162
7982
586
6561
947
9499
957
3422
6474
681
3642
3440
1440
23
2587
2340
1968
656
7509
3551
8245
2811
2806
7758
983
1690
2642
1341
1441
4552
490
7909
1934
4604
3953
1306
795
1397
9256
2718
6742
2243
9936
7308
3320
125
5267
1253
7823
7822
6437
7820
3922
1579
2365
5467
3802
2662
2394
3474
2920
9965
6310
2266
9514
3065
4721
3283
1624
9785
1078
1079
3155
2896
198
6655
128
3599
154
652
9599
4843
571
3218
8793
471
2731
249
1392
8908
6005
387
9834
7697
180
6434
604
9524
2661
45
817
9791
665
1068
120
3491
1785
324
8016
406
844
4716
1378
5105
7458
925
7904
2640
8884
118
1857
5383
5079
2912
869
868
1535
373
5449
1289
950
4298
3661
233
8964
765
1362
4247
2056
891
6408
6124
2774
1673
7456
5922
1457
292
3003
2215
8516
6879
1051
400
6357
216
959
2322
3336
1141
6345
295
312
311
818
1467
4141
5591
889
2737
4198
4955
8268
2487
3195
7176
6104
6734
1134
92
3252
6550
486
487
5195
163
799
1143
801
2790
7404
4420
4009
3166
3165
3164
3163
7764
997
5103
3487
6209
2242
2156
8121
906
74
5507
420
8935
2069
607
256
2337
1781
3043
5639
3718
1896
177
7633
3016
5837
5431
2319
2577
5791
270
6235
5548
6233
271
2738
2250
1497
1337
8014
806
1009
958
6302
1862
3174
1026
2035
592
345
3106
229
3108
1225
688
5902
183
8889
4070
1694
1370
2454
3090
8608
3700
3701
2100
90
2445
95
1000
6787
6462
1838
2122
9270
2361
2482
3570
4668
2437
354
1580
1
5221
3781
2021
6280
998
1808
615
159
4663
6347
5425
6061
4565
6687
36
8179
4886
3589
4509
3132
3847
2166
1895
67
4639
4425
4312
4916
64
4914
1884
3235
4912
204
4909
2959
789
9538
2379
4505
4902
4906
980
7730
436
4756
675
6381
197
6256
5090
4812
3406
4526
7454
2684
7335
491
3411
91
5219
82
330
6000
2634
1826
840
2291
843
845
847
4426
4427
1995
2584
9106
1268
640
6436
927
5047
1656
2161
2586
4686
446
1613
3636
30
603
4479
942
4482
2237
4494
4273
5832
308
2744
3498
2185
5827
4152
4293
7996
2126
915
520
579
4424
1061
1037
2798
2795
3147
1521
134
7070
3339
2603
7724
1972
618
2173
6457
65
10010
4093
332
170
2919
9193
5381
1408
4573
7850
664
1003
3743
1300
1380
3232
4731
455
5149
2281
35
2542
3188
6140
5250
337
4729
4511
7341
7728
7964
3272
21
4285
4286
5184
2426
4071
3362
382
937
4151
7528
1438
1235
287
484
2014
4051
2829
5026
3936
4491
994
8487
4382
7636
7725
1205
4328
117
147
6227
6523
2764
10123
265
1464
6665
5412
5775
692
4081
8359
3297
5833
4702
531
6032
1675
6034
3853
6036
388
284
349
5542
2562
2357
119
4894
1537
5706
3750
2732
1620
1195
1844
3454
474
3035
235
3425
6096
9600
1898
2048
3511
5471
192
351
2447
132
2553
1949
564
1172
6282
1567
6675
1698
797
3831
7269
4558
220
639
7557
9568
8624
2358
217
7357
2949
1880
8735
2458
1029
1443
1226
1849
3085
3020
678
4156
8669
7838
4366
1196
1450
1449
7834
2179
550
623
5773
1451
2026
4368
1556
7907
6245
264
495
42
4516
245
52
7254
244
1504
2686
962
3200
5757
7916
7638
4608
2772
3685
1622
2497
3717
2151
497
151
987
8567
247
2343
542
9852
2903
240
1558
857
1478
6681
852
1941
7635
1020
2104
654
1105
821
3060
2092
1385
1538
4
2958
4492
1882
6650
6785
7234
3282
1774
4898
2078
3976
262
8689
5488
4182
1672
1248
3988
1757
1087
1754
9361
7250
7667
96
5963
886
935
2063
31
32
849
948
5554
776
381
3777
158
29
721
437
2352
5150
7503
323
2102
7196
913
6363
4398
3795
6210
7145
1210
63
62
61
59
3610
8126
3807
9458
55
659
9671
213
9109
1488
1158
1095
51
2690
2410
2409
4226
8779
1870
5209
2452
864
2782
6011
940
2287
3704
598
7056
211
3113
3114
7039
781
782
783
784
785
305
1582
2876
1663
4068
5726
2735
5604
7525
2413
1591
7939
423
804
985
2636
6071
279
7405
4817
1353
4566
6400
169
7790
7791
1028
5400
3808
343
331
2665
7375
8417
3072
1186
2007
178
9181
1398
830
1108
5567
2678
787
3500
790
786
1088
791
872
8231
5155
499
932
12
10
2532
219
2932
1230
1090
7324
1525
6560
5116
73
2471
2420
1647
3296
156
1833
5509
492
3473
3471
3455
5686
3444
3442
5672
1025
5614
5080
8259
5551
4795
3438
7813
3445
2313
3448
1717
1505
4951
7841
6022
2508
114
1671
3466
3475
3451
3453
3439
4561
3465
3470
1342
3446
6263
6213
3450
9567
1167
8761
10154
2558
647
9682
243
774
3556
719
1598
195
2138
833
723
4140
2971
1290
2181
1017
4390
4388
203
3956
4540
663
1031
7527
1554
3834
8118
4457
576
712
7518
7262
4065
9184
1777
1322
608
3018
4823
5701
5077
8300
2160
3771
1374
1739
10022
319
518
1491
3504
1510
1856
352
4350
3102
2118
1736
666
70
6045
511
5128
6594
325
2116
8094
181
8297
6394
2098
3918
8033
638
1916
1589
4720
8837
5731
8089
6242
978
2446
4978
8760
9362
5327
302
6685
825
1391
1246
2061
1563
5717
4621
820
7470
2052
2054
3
4228
8847
494
3580
252
1252
9685
651
5524
1542
238
7711
3251
1900
648
5052
4349
10057
3469
7935
282
1568
6801
2990
3254
10103
2691
131
4515
1390
8849
8386
2892
2643
2462
6516
1076
1937
396
1485
1824
1825
1928
1315
711
8475
1830
1294
87
4808
686
3242
4348
4205
3673
3674
5229
361
4611
3714
4536
411
410
6605
4090
2213
2873
6028
190
1347
8677
196
1682
1792
5785
1940
9171
8108
1837
4754
2559
8583
1532
6703
7640
103
8680
5760
1683
4003
5857
1890
207
210
1173
209
1182
281
7551
1265
8823
1868
8357
4873
2164
367
368
8336
7976
653
6103
1267
8460
634
3859
549
2573
724
2504
2775
7028
5994
3608
2076
2077
2081
2945
1990
1991
383
5088
5089
8874
3019
2780
3877
5966
3273
3874
1346
1097
6627
3598
2
2376
2259
2861
2765
1661
1293
4700
6091
13
753
2424
37
2421
718
4378
1348
9133
2976
1764
9500
9007
3371
4640
1927
1758
8015
2759
4596
2797
4592
2923
76
2619
3233
4588
660
4586
4585
4584
4583
7663
1715
6532
16
938
861
3093
304
94
2411
2412
8824
5764
7945
3908
3907
426
2626
893
346
2059
236
9574
127
186
2623
3118
9051
4750
2571
136
4613
4563
4333
10030
8605
334
1753
130
764
5135
1681
1787
1789
3277
2740
6322
1046
8240
40
1472
8065
9308
1977
2465
3866
3865
2129
5997
3869
2434
588
4476
43
1085
500
3663
3724
189
1012
841
5476
4493
435
627
6169
2913
1492
580
3221
6417
6600
2719
2488
904
907
1319
768
769
2576
745
742
741
739
737
736
2384
2282
5682
4701
3351
7727
2329
1507
2074
3021
5512
1933
6055
2168
161
2294
865
7032
875
876
879
3770
725
4421
6015
4376
5618
193
4259
3247
7444
2359
14
3345
1106
539
4517
7282
384
2127
5437
2527
1557
1547
2058
669
4357
1496
3928
808
676
1921
218
5584
6300
6800
6133
1232
2404
8484
5677
462
2031
162
2554
6031
9402
44
2942
1794
391
3836
8729
892
1231
2089
4297
2152
5797
524
1779
8199
8662
8912
2925
1908
4746
3082
1529
8772
4679
802
290
2028
8382
148
7174
228
6535
4637
6496
2561
2349
2348
260
672
2574
2455
8129
1735
4353
2477
8156
2972
5020
2167
1091
4931
7273
515
1219
2227
1432
5294
626
142
2898
248
3305
6416
1041
443
395
4704
1723
8674
2051
1802
9863
6804
257
4577
2492
8909
6822
2842
53
1354
1643
4004
890
3626
6497
4578
848
5118
309
1418
6080
3972
3786
963
2395
362
2565
1379
7051
5202
743
9084
3597
695
8533
7929
33
98
4468
8825
4362
2091
884
507
2367
1697
1490
1943
3951
1321
2330
2803
3544
3075
6460
4088
6220
1339
1573
551
552
447
460
459
450
41
254
559
2470
536
1892
1947
2382
1461
7019
6513
4688
2463
8346
593
2315
9231
2936
2403
133
6102
8171
703
1782
605
54
1297
3185
8572
5291
378
9798
1639
9840
3688
433
702
4112
1474
981
317
2734
1465
3015
1241
4860
199
2897
7531
6458
4061
4011
9195
9255
569
402
2625
2309
3062
3787
1067
8301
6950
5367
3400
2528
5348
421
326
493
709
6634
6656
2252
168
7396
2926
4986
1527
3257
3388
4662
5603
4654
5752
982
389
4966
1594
5711
432
6867
6866
7162
4658
1083
722
3404
1367
20
7321
1786
215
766
9869
2244
1006
4296
191
1495
50
1548
4241
1923
6374
253
2832
984
2191
1660
6130
9249
1070
4821
534
7448
6385
8354
885
4092
887
5401
6837
2965
2221
8006
5009
1958
4079
84
3268
823
3855
2975
4200
5035
1520
3606
227
763
149
2466
696
4649
4570
2038
1375
344
9720
816
815
814
812
4691
4263
1221
167
8185
145
1518
4361
476
3133
1606
1886
519
340
2428
1998
1997
1254
1996
4023
897
6702
5356
6147
300
3364
3361
1137
46
635
2784
7550
581
6670
99
7706
7705
7704
4981
8369
267
1437
9493
2201
2204
1993
7029
9210
5413
6733
4203
4901
6375
1247
115
4889
1389
2370
2369
2368
3523
7479
2721
1064
7280
744
1500
6244
3312
585
2720
1419
1516
4635
1877
1282
1889
516
3069
2326
1852
393
9425
2271
1435
8437
631
1477
5
5977
727
591
729
730
731
689
185
924
4069
2947
5707
451
3971
4676
2106
2095
2105
22
5516
3803
2839
5944
1571
5947
2335
429
9723
1175
3612
4905
104
194
829
88
1350
1576
2868
2628
720
81
3486
2422
1456
188
936
1561
422
2557
4732
3569
4542
3443
1005
726
397
6251
1040
5664
353
1081
293
641
8328
1509
2901
1621
793
3852
1803
9438
4265
3872
2714
246
2953
7985
390
85
3189
7795
572
1989
7144
4549
1633
314
7197
4636
6921
1555
9191
8072
3157
5092
5141
7675
661
335
2595
834
2728
573
2992
738
3716
2324
4000
404
7846
3881
6641
2385
6575
71
2685
6978
4418
4417
2391
7504
4415
135
4413
4576
1756
6498
2155
2499
3986
2308
5580
6
1146
4245
505
574
2053
6798
501
7810
4969
259
750
4844
4805
761
241
242
2286
538
1767
3381
452
4179
453
4541
4098
1679
7562
2153
1992
5415
225
949
8128
3774
9788
5064
5100
636
4497
4335
1409
320
1292
1737
3924
3424
969
600
1007
255
3048
2598
1420
1674
991
2986
6739
2096
2233
469
3045
1519
2364
467
4422
28
3529
4535
5480
2210
1778
2062
1897
2541
1952
418
1011
6750
7983
3173
7418
7723
911
7423
129
8576
6181
77
3253
4161
3811
734
298
1102
17
18
7832
2435
7639
6126
3291
3923
49
1605
3691
7363
6628
250
5156
535
1044
7014
1366
1045
165
1956
3725
301
6433
409
1245
2450
9460
1058
7013
888
6477
5138
4355
1965
929
2393
1002
9
8
4046
882
9737
1946
9274
883
896
48
3179
778
291
3462
3888
2345
4290
4618
4188
4272
27
5674
336
2934
299
328
770
6525
6430
3059
751
881
3148
1034
3666
4131
3149
1939
4381
205
4086
9160
6767
5163
933
1871
4049
8071
2725
2249
563
9958
10175
8918
438
9479
8598
1687
747
283
286
7059
2057
2310
124
109
101
3421
164
66
2124
5923
837
624
2644
107
1843
1181
9716
1138
6638
359
2397
2186
1093
414
415
3205
416
4344
57
56
4882
895
3184
562
58
2193
4490
1369
171
3289
4005
6586
8098
496
1107
4343
146
944
1822
1480
2002
4990
6751
3322
4318
139
4371
1439
954
6891
1503
6131
546
1054
2495
1189
1312
2001
931
6940
1773
9659
4967
704
8115
392
8707
83
7643
5840
503
2214
2911
1918
3117
977
3822
2125
2459
413
419
1462
2664
7591
1596
7923
2491
674
4473
3408
342
3958
6051
8286
9463
1638
570
7948
3978
138
6826
779
1840
662
4149
2510
6871
6829
394
8472
822
4364
8862
2232
4429
2635
746
956
4435
842
2602
3086
3039
2347
8235
2989
5265
8842
3682
116
5459
800
9549
5924
7546
4021
1142
7081
175
3258
6662
9976
2620
4714
356
376
5345
6288
2263
1823
2377
1259
79
910
1611
1553
1718
3652
1111
3192
1256
3054
10013
1180
1810
2190
7748
2353
740
3593
513
4453
1969
7870
1512
7106
5462
5460
6161
7439
1975
39
871
6239
9040
1405
10152
7665
590
6988
1676
3506
289
658
3804
2184
7910
701
9608
1376
923
922
921
920
919
296
6674
294
